5974
5977
5978
5981
5983
5984
5987
5988
5993
6004
6007
6028
6072
6090
6092
6093
6096
6105
6106
6109
6121
6128
6129
6138
6139
6170
6177
6188
6198
6209
6216
6221
6222
6248
6250
6305
6311
6319
6324
6329
6340 
6342
6343
6344
6354
6360
6361
6364
6369
6382
6405
6406
6418
6419
6425
6427
6432
6433
6434
6435
6436
6443
6444
6446
6447
6449
6450
6454
6470
6473
6474
6491
6494
6496
6497
6499
6500
6502
6506
6522
6526
6529
6537
6541
6550
6552
6553
6569
6571
6579
6582
6593
6595
6602
6652
6655
6661
6662
6672
6687
6689
6695
6708
6713
6717
6718
6733
6737
6738
6739
6740
6779
6805
6812
6816
6817 
6818
6826
6835
6846
6855
6862
6875
6876
6891 
6897
6909
6910
6934
6935
6938
6940